-60 0.001715
-59 0.001590
-58 0.004586
-57 0.007230
-56 0.010841
-55 0.010653
-54 0.012705
-53 0.014241
-52 0.016268
-51 0.016820
-50 0.017021
-49 0.019741
-48 0.022842
-47 0.025435
-46 0.026732
-45 0.027976
-44 0.029385
-43 0.030843
-42 0.033667
-41 0.034272
-40 0.033331
-39 0.033527
-38 0.032152
-37 0.031074
-36 0.031152
-35 0.029467
-34 0.028521
-33 0.028119
-32 0.028049
-31 0.027069
-30 0.026756
-29 0.024841
-28 0.021615
-27 0.018172
-26 0.015200
-25 0.013475
-24 0.010082
-23 0.006428
-22 0.000727
-21 -0.001763
-20 -0.002555
-19 -0.005508
-18 -0.008902
-17 -0.015364
-16 -0.019548
-15 -0.020894
-14 -0.022977
-13 -0.024843
-12 -0.024052
-11 -0.025535
-10 -0.025736
-9 -0.025836
-8 -0.027120
-7 -0.024634
-6 -0.023404
-5 -0.025075
-4 -0.024522
-3 -0.024391
-2 -0.022626
-1 -0.012091
0 0.001401
1 0.001491
2 0.001444
3 0.000288
4 0.000140
5 -0.000006
6 -0.004081
7 -0.007717
8 -0.008027
9 -0.011038
10 -0.011181
11 -0.010864
12 -0.009714
13 -0.007142
14 -0.006818
15 -0.003808
16 -0.001963
17 -0.000579
18 0.000692
19 0.002001
20 0.003765
21 0.004714
22 0.003103
23 0.001707
24 0.000592
25 0.001270
26 0.000194
27 -0.000686
28 -0.000387
29 0.000154
30 0.001503
31 0.001460
32 0.001406
33 0.004455
34 0.006717
35 0.009473
36 0.010492
37 0.011069
38 0.013532
39 0.016048
40 0.019091
41 0.022669
42 0.023206
43 0.025930
44 0.028173
45 0.031186
46 0.033910
47 0.034588
48 0.035421
49 0.033276
50 0.032249
51 0.032862
52 0.031372
53 0.032545
54 0.030371
55 0.029929
56 0.028037
57 0.025581
58 0.025818
59 0.024958
