-60 0.000964
-59 0.001889
-58 0.003315
-57 0.005190
-56 0.006717
-55 0.008139
-54 0.010555
-53 0.011394
-52 0.012564
-51 0.012461
-50 0.011581
-49 0.013020
-48 0.014431
-47 0.014511
-46 0.014628
-45 0.016418
-44 0.015628
-43 0.016543
-42 0.018140
-41 0.018632
-40 0.019787
-39 0.018948
-38 0.018647
-37 0.018362
-36 0.016834
-35 0.015033
-34 0.012498
-33 0.011388
-32 0.010758
-31 0.009956
-30 0.008202
-29 0.004265
-28 0.003149
-27 0.000163
-26 -0.002515
-25 -0.003915
-24 -0.006079
-23 -0.009704
-22 -0.014227
-21 -0.016599
-20 -0.018282
-19 -0.018947
-18 -0.021847
-17 -0.025296
-16 -0.028361
-15 -0.029274
-14 -0.029463
-13 -0.030560
-12 -0.031529
-11 -0.033618
-10 -0.034218
-9 -0.034844
-8 -0.036108
-7 -0.035499
-6 -0.034680
-5 -0.033681
-4 -0.034685
-3 -0.035068
-2 -0.036120
-1 -0.033281
0 -0.032387
1 -0.031244
2 -0.030605
3 -0.032163
4 -0.033761
5 -0.032440
6 -0.034322
7 -0.035954
8 -0.035056
9 -0.034669
10 -0.034036
11 -0.033532
12 -0.031621
13 -0.028850
14 -0.028521
15 -0.027500
16 -0.027058
17 -0.026132
18 -0.025616
19 -0.024346
20 -0.022733
21 -0.022492
22 -0.023933
23 -0.023830
24 -0.025781
25 -0.026534
26 -0.027672
27 -0.028760
28 -0.031296
29 -0.031376
30 -0.030561
31 -0.030124
32 -0.030391
33 -0.030563
34 -0.031122
35 -0.030664
36 -0.029546
37 -0.029338
38 -0.028405
39 -0.027668
40 -0.024993
41 -0.024750
42 -0.023332
43 -0.021960
44 -0.021297
45 -0.018999
46 -0.017536
47 -0.016953
48 -0.017159
49 -0.018628
50 -0.019801
51 -0.020895
52 -0.021010
53 -0.021938
54 -0.022504
55 -0.023205
56 -0.025147
57 -0.026694
58 -0.026242
59 -0.027146
