-60 0.000688
-59 0.001643
-58 0.005660
-57 0.006875
-56 0.010567
-55 0.012372
-54 0.012880
-53 0.014568
-52 0.016268
-51 0.016389
-50 0.018052
-49 0.021891
-48 0.025561
-47 0.026712
-46 0.026792
-45 0.031014
-44 0.032288
-43 0.038875
-42 0.044335
-41 0.047395
-40 0.050355
-39 0.048149
-38 0.049189
-37 0.048764
-36 0.049671
-35 0.047576
-34 0.046759
-33 0.044926
-32 0.043529
-31 0.044026
-30 0.042487
-29 0.041920
-28 0.039160
-27 0.036439
-26 0.032797
-25 0.029041
-24 0.024143
-23 0.019158
-22 0.013919
-21 0.010959
-20 0.007409
-19 0.004281
-18 0.000377
-17 -0.005459
-16 -0.010500
-15 -0.012990
-14 -0.012000
-13 -0.014124
-12 -0.015718
-11 -0.018172
-10 -0.019492
-9 -0.022913
-8 -0.024528
-7 -0.022409
-6 -0.022590
-5 -0.023162
-4 -0.025576
-3 -0.027094
-2 -0.028611
-1 -0.035833
0 -0.053480
1 -0.053015
2 -0.055154
3 -0.059542
4 -0.062475
5 -0.064166
6 -0.069305
7 -0.071598
8 -0.072050
9 -0.073630
10 -0.072329
11 -0.072749
12 -0.068767
13 -0.065306
14 -0.064737
15 -0.062588
16 -0.061332
17 -0.058986
18 -0.058447
19 -0.059038
20 -0.058406
21 -0.058521
22 -0.059622
23 -0.060907
24 -0.061533
25 -0.061945
26 -0.060426
27 -0.061194
28 -0.061489
29 -0.058097
30 -0.058859
31 -0.058479
32 -0.059133
33 -0.057422
34 -0.058521
35 -0.056593
36 -0.057166
37 -0.057837
38 -0.057541
39 -0.059020
40 -0.059720
41 -0.057465
42 -0.057606
43 -0.057117
44 -0.056830
45 -0.055016
46 -0.053001
47 -0.051438
48 -0.051041
49 -0.055076
50 -0.057426
51 -0.058494
52 -0.061806
53 -0.062335
54 -0.064267
55 -0.066476
56 -0.067603
57 -0.069688
58 -0.068813
59 -0.069076
