-60 0.012141
-59 0.010343
-58 0.015757
-57 0.055168
-56 0.064181
-55 0.102344
-54 0.116988
-53 0.120415
-52 0.138952
-51 0.144860
-50 0.141666
-49 0.157001
-48 0.184936
-47 0.214187
-46 0.224325
-45 0.237377
-44 0.280676
-43 0.289423
-42 0.354285
-41 0.401938
-40 0.427691
-39 0.447294
-38 0.426669
-37 0.425596
-36 0.409282
-35 0.429673
-34 0.419695
-33 0.409857
-32 0.389343
-31 0.385446
-30 0.401204
-29 0.387077
-28 0.374595
-27 0.345814
-26 0.331458
-25 0.295040
-24 0.261710
-23 0.212664
-22 0.166897
-21 0.119175
-20 0.091974
-19 0.058615
-18 0.027657
-17 -0.008455
-16 -0.069991
-15 -0.112891
-14 -0.134507
-13 -0.125642
-12 -0.142889
-11 -0.157144
-10 -0.180364
-9 -0.204235
-8 -0.233712
-7 -0.245397
-6 -0.226958
-5 -0.225585
-4 -0.224447
-3 -0.247978
-2 -0.267912
-1 -0.278286
0 -0.362695
1 -0.534459
2 -0.525754
3 -0.550648
4 -0.589055
5 -0.612932
6 -0.634982
7 -0.682921
8 -0.702912
9 -0.696926
10 -0.712685
11 -0.696703
12 -0.694341
13 -0.660810
14 -0.632237
15 -0.628002
16 -0.611338
17 -0.597554
18 -0.571340
19 -0.576534
20 -0.573600
21 -0.575431
22 -0.565593
23 -0.573050
24 -0.595756
25 -0.599784
26 -0.587724
27 -0.575264
28 -0.585688
29 -0.605556
30 -0.582574
31 -0.582468
32 -0.578134
33 -0.587174
34 -0.569404
35 -0.583487
36 -0.569773
37 -0.568902
38 -0.577720
39 -0.573829
40 -0.589714
41 -0.593075
42 -0.571455
43 -0.583868
44 -0.571747
45 -0.567276
46 -0.556867
47 -0.544086
48 -0.530449
49 -0.524612
50 -0.557926
51 -0.586201
52 -0.589542
53 -0.611817
54 -0.612544
55 -0.632349
56 -0.642925
57 -0.648859
58 -0.672424
59 -0.660877
